1.093201528585969271e+02 1.012906309764299380e+02 1.160648683726453214e+02
1.070054322293146214e+02 1.000659264991687252e+02 1.177660773704845525e+02
1.043700567924163778e+02 9.866910775237421660e+01 1.185242273354559472e+02
1.047702530365928624e+02 1.019792818237913536e+02 1.182105873065529380e+02
1.050241530976424258e+02 1.053188878193027307e+02 1.172865908412793914e+02
1.017321282588199978e+02 9.726748048288357040e+01 1.186662676643963152e+02
1.019695200964147688e+02 1.003934253939349759e+02 1.186238995652488057e+02
9.919884415241747888e+01 9.589945751705447208e+01 1.188068293594835154e+02
1.022373611465519900e+02 1.038302844145829056e+02 1.185198563008483319e+02
9.951931361103453355e+01 1.055357463559121101e+02 1.186905145983802470e+02
9.952505225721219517e+01 1.087390444314538627e+02 1.170684399553967552e+02
9.661071295908119794e+01 9.451729828558447366e+01 1.191989101658330696e+02
9.636416136731465087e+01 9.727164542977929784e+01 1.189538112195575366e+02
9.388535936728777642e+01 9.309460011984890571e+01 1.194496891285412374e+02
9.360663023294202389e+01 9.589578359427331122e+01 1.193618609388704357e+02
9.317908633131614238e+01 9.867589778373123011e+01 1.193878875558947499e+02
9.070747333598210105e+01 9.444779438611585931e+01 1.192167652101681909e+02
8.823646493390523915e+01 9.321405760161087528e+01 1.179391324187278656e+02
8.766124725805131845e+01 9.594020732089056480e+01 1.182050120751964926e+02
8.976863148661792025e+01 1.001228356067093301e+02 1.192031614460678668e+02
8.681089723717393269e+01 1.015012394158944460e+02 1.175992329170756392e+02
9.650247683628404616e+01 1.099412768759129051e+02 1.161118187398080437e+02
9.246699522873210242e+01 1.055839674500307694e+02 1.189073831145206981e+02
9.288147758744565863e+01 1.085015066432172119e+02 1.172292151906613924e+02
9.366056045045893086e+01 1.105323428787297502e+02 1.143395438379812248e+02
8.936578193461883757e+01 1.036035927133615786e+02 1.186191177066122577e+02
8.948999050479658024e+01 1.064382086563969381e+02 1.173019027684474622e+02
8.679317774813580399e+01 1.042026639633498348e+02 1.164512076221206485e+02
8.731276120154301168e+01 1.066089293259980337e+02 1.145438547775282814e+02
9.018461576475714025e+01 1.088776875616933069e+02 1.149134018027271793e+02
8.979396868437096657e+01 1.095298790239268243e+02 1.089190309730807940e+02
9.275286638081192336e+01 1.020295042297028658e+02 1.194804660023537224e+02
9.610359373207055000e+01 1.039103402128072275e+02 1.193107158421489657e+02
1.097448775426962015e+02 9.852444873210963294e+01 1.162403600897243052e+02
1.100141635457692360e+02 9.573380083574949140e+01 1.162286091918922040e+02
1.074396125191004501e+02 9.724067208394890827e+01 1.179190386329232467e+02
1.077105642722341940e+02 9.426245806954558759e+01 1.179881385692905127e+02
1.047281315150254812e+02 9.580363447555713208e+01 1.187576352610857668e+02
1.020440725990690964e+02 9.443819761164608906e+01 1.190670007241814830e+02
9.893373957286176790e+01 9.279174463751961355e+01 1.193452516726635935e+02
1.060282531797266472e+02 1.024313861830021892e+02 8.107532014129125741e+01
1.061164497804193587e+02 9.989133709802376870e+01 7.939603450995237210e+01
1.036723832015284614e+02 1.032860124329420444e+02 8.230151343984361745e+01
1.016131527052458239e+02 1.039494050871713569e+02 8.346340945135499112e+01
9.975873690692225182e+01 1.044509422218979751e+02 8.461858258543716715e+01
1.015297990878174517e+02 1.000430835604618807e+02 7.949069535189411795e+01
9.930644252080735157e+01 9.889510670781393742e+01 7.892126996219737123e+01
9.914048099601428987e+01 9.625284097645747750e+01 7.866375148950821483e+01
9.745963569910902891e+01 1.038764613680878881e+02 8.346973231591390174e+01
9.652992657601997450e+01 1.050602075628717813e+02 8.705331206557293910e+01
9.570313344613455797e+01 1.043519294727831550e+02 8.463414815901985833e+01
9.485663718750444673e+01 1.032706709829945737e+02 8.212199498197884395e+01
9.392786219010470461e+01 1.047717226052798480e+02 8.585801206869551550e+01
9.353499591149737569e+01 1.054033287898036662e+02 8.954873954854464557e+01
9.276410166953886005e+01 1.039018210197858423e+02 8.309361460113457554e+01
9.183395698150009423e+01 1.025008728261983180e+02 8.063323190476194213e+01
8.921434754043347937e+01 1.032864265834813580e+02 8.141685961254891879e+01
9.662524232468804541e+01 9.751476593402067294e+01 7.851401361560435532e+01
9.686643573989888978e+01 9.507262550857926442e+01 7.849833743555231536e+01
9.399024008067034686e+01 9.882075525112924197e+01 7.848240012443736191e+01
9.417799539399004516e+01 9.635631119747243645e+01 7.818471237594592083e+01
9.441028145400234450e+01 9.383808516391644616e+01 7.814776149891294210e+01
9.118432610061299215e+01 1.001169154578103644e+02 7.864423984301586756e+01
9.109989843615348093e+01 9.773862625516191827e+01 7.787358885212712778e+01
8.779819303638169004e+01 9.647509760774684651e+01 7.725984103844878348e+01
9.131121500650999678e+01 9.508759802773758452e+01 7.767374042622247998e+01
8.813099459656208978e+01 9.373711102113304605e+01 7.725738940031651225e+01
9.712429913013056648e+01 1.023719776187429460e+02 8.098137782558636388e+01
9.427536401536147537e+01 1.013387264947826623e+02 7.976545346450257057e+01
9.682331085964541728e+01 1.001326573364419232e+02 7.917599582944276904e+01
1.068303779483474329e+02 9.742184813152866241e+01 7.859462327780292412e+01
1.104629289202103735e+02 9.597478364127343298e+01 7.822893167810647697e+01
1.040914307798916525e+02 9.612636648098340686e+01 7.864111957630206007e+01
1.016576942630970990e+02 9.495639723674524646e+01 7.871735321412748476e+01
1.072653349783013539e+02 9.465499814223113617e+01 7.832193758114618731e+01
9.892422933963796083e+01 9.355697154536622406e+01 7.864782083141395219e+01
1.075278324053656576e+02 1.100323999740911916e+02 9.733182764896292838e+01
1.106149595913770156e+02 1.103845526766392595e+02 9.741320485144939312e+01
1.087991365108539412e+02 1.108699903328710548e+02 9.973564963777801040e+01
1.140726109650043014e+02 1.102037011197493683e+02 9.751627781436043563e+01
1.120204900529797385e+02 1.107340657932199406e+02 1.000313111256489407e+02
1.098907458534285979e+02 1.110167576330271260e+02 1.023905880741722285e+02
1.175537092468749165e+02 1.092132750742967460e+02 9.758179224035460209e+01
1.154349017817462766e+02 1.098514012191180598e+02 1.003307563111427640e+02
1.204761866446846454e+02 1.073192449036796319e+02 9.760539211609757615e+01
1.183486820182305905e+02 1.081808709630358294e+02 1.004976722845243273e+02
1.159500085838420773e+02 1.086477641556612497e+02 1.030738308473225970e+02
1.130397161934658925e+02 1.102039980107986423e+02 1.028370298811297801e+02
1.106301026981445119e+02 1.103399791011258060e+02 1.050374682471362462e+02
1.109563851296549899e+02 1.090105234364790050e+02 1.075452088081901962e+02
1.223899712970500815e+02 1.046411354514947192e+02 9.768489831243904575e+01
1.231649999755671558e+02 1.015831638813111653e+02 9.776470618168839621e+01
1.215687906138557111e+02 1.023529795022867859e+02 1.007182328113459988e+02
1.195347293265531619e+02 1.029010653280506631e+02 1.033112422281657103e+02
1.230227733620468342e+02 9.842916427342959196e+01 9.781807421895517507e+01
1.216395471523802030e+02 9.924038288973574140e+01 1.007044934919486820e+02
1.223685485703582998e+02 9.535973807274250191e+01 9.783207737220509159e+01
1.213142593474661197e+02 9.626768163066621753e+01 1.006936365937747127e+02
1.197336197174753210e+02 9.710418619567523990e+01 1.032051739505860866e+02
1.197722621250242696e+02 9.999178835496060458e+01 1.033114950429527568e+02
1.176901643649277958e+02 1.005862024904506313e+02 1.054417798004367341e+02
1.178081623402711529e+02 9.784828466904309607e+01 1.053491639307362391e+02
1.158840638425473486e+02 9.850852836540678936e+01 1.072285998687945749e+02
1.109363853177679289e+02 1.073642742111118338e+02 1.099296389568624761e+02
1.145551562204816776e+02 1.040142188149450959e+02 1.079574748793791485e+02
1.126312897468551881e+02 1.047365572326803829e+02 1.099826552156591220e+02
1.101457794228819154e+02 1.035442169983921019e+02 1.143319544046043177e+02
1.183167757941522780e+02 1.060372909752870356e+02 1.032996626456169338e+02
1.169808326026839609e+02 1.035090911281031083e+02 1.057415565974316536e+02
1.156217452154146770e+02 1.064320995201283893e+02 1.057377094882050983e+02
1.079883910906459192e+02 1.093637980046445932e+02 9.517831652047686930e+01
1.084900371685866958e+02 1.088593742905566728e+02 9.303501887029453599e+01
1.112123492903803736e+02 1.097970443766480031e+02 9.501287814141400645e+01
1.090801110396899105e+02 1.084558128653414286e+02 9.072553042598821094e+01
1.119835599666364772e+02 1.092616641571883775e+02 9.245886353433405702e+01
1.096066726801961266e+02 1.078717724523961579e+02 8.821801149368671702e+01
1.128265176498755409e+02 1.086905538899963659e+02 8.977647660564529986e+01
1.160460266420090250e+02 1.090369983007737744e+02 9.190158073906380309e+01
1.150473417029703569e+02 1.096649910634235283e+02 9.480387869342725082e+01
1.188182671893615066e+02 1.086104756378271503e+02 9.457533745244805345e+01
1.099379041274885509e+02 1.068532423842019767e+02 8.568051945563748006e+01
1.136232842419406239e+02 1.075529172868827459e+02 8.639249496198665668e+01
1.138585633296456194e+02 1.059828742556305627e+02 8.363713063329707609e+01
1.095345872007844719e+02 1.034550365822616413e+02 8.133472308209701396e+01
1.135015522587228105e+02 1.037854488763789362e+02 8.123363874865808043e+01
1.125588075810835988e+02 1.013070306724843732e+02 7.957504234847750979e+01
1.167642152380753657e+02 1.010925198205586355e+02 7.994885063344227660e+01
1.179244737748640688e+02 1.038116750840245999e+02 8.197263965676590658e+01
1.215817623409884192e+02 1.033466788339296016e+02 8.385613809559635001e+01
1.206447941485821787e+02 1.005140845775630112e+02 8.142718177418318248e+01
1.233670987857275492e+02 9.959736152718257074e+01 8.408862041971966050e+01
1.223050222020922888e+02 1.060594289017053313e+02 9.442700793986611529e+01
1.236996234139208184e+02 1.043863588549663888e+02 9.096409028453169299e+01
1.241998823370431921e+02 1.022121849514746827e+02 8.737592868267124402e+01
1.247990533823421231e+02 1.009798787743296202e+02 9.092844339955820487e+01
1.245903763979529941e+02 9.848439785928532331e+01 8.751696690036692416e+01
1.245046971339720727e+02 9.734631103378572448e+01 9.119125060789940562e+01
1.235907483932284379e+02 9.630496931687272877e+01 9.467532445328335200e+01
1.173773260250205652e+02 1.079436949328003834e+02 8.835308278343156019e+01
7.697971688865565909e+01 9.449835484864229329e+01 9.796468361382278545e+01
7.760991928580929766e+01 9.619519447512908528e+01 1.010725548144598918e+02
7.878296492840595988e+01 9.531660175760968912e+01 1.039476261131881358e+02
7.937264876616995934e+01 9.272098061434682847e+01 1.039389522374352168e+02
8.101126780840834840e+01 9.195384075513869959e+01 1.063244743131318160e+02
8.022585376456027006e+01 9.449885361728877342e+01 1.064908522234633068e+02
8.183906492070055094e+01 9.372280203683727962e+01 1.087443650621976445e+02
8.315451680837674076e+01 9.113040927187479667e+01 1.087659374818554454e+02
8.345011384510951302e+01 9.293946165638229218e+01 1.108999138342068562e+02
8.503001997956684477e+01 9.213150052534213330e+01 1.131163942964044793e+02
7.828704211153245751e+01 9.256072348307012021e+01 8.038582602355461404e+01
7.612101150539191963e+01 9.356374328091628456e+01 8.325208206983982961e+01
7.602724882124624628e+01 9.259174651864894656e+01 9.084630603747871191e+01
7.518156506277054518e+01 9.465977584272975776e+01 8.689085028955787493e+01
7.527147897443448699e+01 9.561876428625046742e+01 9.081820700450269612e+01
7.635206592494498068e+01 9.362818818185429848e+01 9.458912313508346870e+01
9.021079872776817865e+01 1.091951722049401070e+02 1.053826909969854455e+02
9.074613237608282645e+01 1.086762257782660583e+02 1.023155956405233269e+02
9.259131107886884138e+01 1.099981053155773623e+02 1.040969365305112717e+02
9.489918574983876454e+01 1.110857477945526455e+02 1.058605816328473708e+02
9.127517476168692667e+01 1.080933920569523821e+02 9.966262046895977278e+01
9.183854174439805718e+01 1.074613891860686294e+02 9.734589520137427598e+01
9.358498463005638257e+01 1.084041055883698164e+02 9.861974741379515308e+01
9.540022473963958305e+01 1.093090702562698482e+02 9.990881799528033014e+01
9.742506244535290705e+01 1.110606243250899610e+02 1.041740841270569717e+02
9.971251587715505593e+01 1.107762293119805719e+02 1.025887794821058634e+02
9.428733072055291586e+01 1.073834981144583907e+02 9.616859484807901026e+01
9.298093234662401585e+01 1.061628526035520395e+02 9.344349230386400507e+01
9.482893317763318919e+01 1.065914601568641871e+02 9.437238830307794046e+01
9.647719639711394279e+01 1.070891751311919080e+02 9.519666336857741840e+01
9.333000303732737279e+01 1.057170378437965610e+02 9.158390648472672524e+01
9.523548264077558656e+01 1.059911256645683011e+02 9.262051031531191825e+01
9.551427622625949709e+01 1.056318841684518759e+02 9.081497446806437779e+01
9.712003495966814626e+01 1.060219557625464830e+02 9.175267366112132095e+01
9.687057059227123545e+01 1.064220900504675882e+02 9.350523587048616037e+01
9.859914689476163119e+01 1.064941106629272980e+02 9.256814688417262005e+01
1.000721129460424947e+02 1.069565122349447250e+02 9.339013299868690865e+01
9.987547600600279907e+01 1.096354291975185191e+02 9.969063342848033926e+01
1.017692847557743505e+02 1.104764807903236630e+02 1.011756254903950776e+02
1.000188781251201249e+02 1.084255083559994688e+02 9.730998666557060517e+01
1.016803866772103504e+02 1.092943213409795220e+02 9.848944841896960156e+01
1.000854845820920360e+02 1.074856361200525470e+02 9.530843848257941886e+01
1.016280326018814151e+02 1.081443575221146318e+02 9.620177585329774672e+01
1.015910933676346843e+02 1.074405560833374125e+02 9.422198512710291141e+01
1.032440351160240652e+02 1.080850333680556759e+02 9.509356618451282372e+01
1.034530464147039481e+02 1.090970451392075375e+02 9.729307447901447858e+01
1.055635937388051815e+02 1.101522549738406980e+02 9.862044161492504202e+01
1.051784628442166252e+02 1.090035718614628308e+02 9.608789131591633748e+01
9.599338311747028740e+01 1.081551071403296191e+02 9.733022042469379187e+01
9.787626157793314974e+01 1.088962810913274382e+02 9.852128291516835645e+01
8.783448775924698282e+01 1.079463403401608872e+02 1.077917481334498149e+02
8.608071573964708989e+01 1.064114951149841488e+02 1.066081516316319266e+02
8.835207281155788905e+01 1.077863892478369223e+02 1.044316233904358597e+02
8.425531230929911430e+01 1.050517266247194925e+02 1.055052787249923085e+02
8.225570701626264736e+01 1.037861782137744626e+02 1.044059909648887157e+02
8.434491352898959349e+01 1.053993211764524460e+02 1.024305344737806678e+02
8.677996069086435682e+01 1.064600663243177650e+02 1.005060031138968100e+02
8.884738355052590464e+01 1.074999908438657030e+02 1.014013691361649734e+02
8.930898010703720047e+01 1.071502748101533200e+02 9.879795626611419834e+01
8.164821304205334229e+01 1.041213665451351886e+02 1.010682906439974573e+02
7.851333629476627607e+01 1.008438764774989380e+02 1.016146766229694691e+02
7.945545392520340044e+01 1.028126878483573421e+02 9.962189275523149945e+01
8.124098497079833692e+01 1.043315562601086413e+02 9.761428668502192352e+01
7.733462726828874167e+01 9.903719714231655757e+01 9.983244360448547638e+01
7.642840601110178511e+01 9.928257218895161884e+01 9.579747053720417682e+01
7.696426192154230250e+01 1.013967645367752937e+02 9.363299964860674152e+01
7.890461208560969908e+01 1.030449402274523010e+02 9.575775481029823766e+01
8.104267172942292063e+01 1.044239243047876187e+02 9.400805849355842270e+01
7.851799008275412461e+01 1.031698610866600063e+02 9.168066718633062351e+01
8.111381414314868721e+01 1.043964548138964545e+02 9.021177127640034143e+01
8.989169989537118965e+01 1.066509714271306706e+02 9.602827370127191386e+01
8.745656624422717584e+01 1.060081939892042584e+02 9.449822145775074489e+01
9.036996226876539140e+01 1.061896518026064911e+02 9.385296639332989344e+01
8.442881144667494198e+01 1.053916410956683336e+02 9.256372969423381392e+01
8.759760529355044412e+01 1.057390493628213335e+02 9.190202274912734026e+01
8.431541736166411738e+01 1.051441944647091447e+02 8.938825288805338687e+01
8.771116154594112402e+01 1.054529220694441278e+02 8.917492211567639515e+01
9.072909814817801077e+01 1.057931084826145423e+02 9.163184981523066597e+01
9.088050177214256564e+01 1.054799957056029456e+02 8.933033501624736061e+01
8.413020059155974195e+01 1.054795507848428429e+02 9.918675609371837254e+01
8.415703056083499689e+01 1.054659827807288508e+02 9.582980681669943124e+01
9.408720952079907818e+01 1.113626681388924169e+02 1.100724352352812332e+02
9.945137192399180037e+01 1.117775039393312682e+02 1.099718715007129788e+02
9.661036429921452395e+01 1.114811883763616294e+02 1.123321877758155836e+02
1.044384864369469312e+02 1.110981723107318260e+02 1.025327851649131219e+02
1.051529713795458179e+02 1.113410358420481998e+02 1.054230224401675855e+02
1.065931328930221014e+02 1.110072587827059465e+02 1.010875270217578503e+02
1.074996111231340592e+02 1.112034081290948819e+02 1.038808896624287144e+02
1.081275282076732225e+02 1.106502876299074103e+02 1.066294720681302692e+02
1.029433857337814118e+02 1.094458854690687417e+02 1.149733372030640339e+02
1.059386623553810267e+02 1.095593635484660524e+02 1.124233973632631205e+02
1.056743856610901275e+02 1.077543549531099245e+02 1.152350088239324890e+02
1.085328734740667898e+02 1.093075334084854404e+02 1.098499623808187238e+02
1.081840871999988565e+02 1.056988568014465670e+02 1.150503226322298786e+02
1.024984572811288785e+02 1.115904875271243810e+02 1.075681459287214921e+02
1.056485881574665768e+02 1.108530667114355879e+02 1.089179506888427227e+02
1.027458793790741822e+02 1.110604214079582448e+02 1.114962323968756266e+02
9.684897966889957388e+01 1.055955794660555256e+02 8.954782891633472275e+01
9.829938246822709402e+01 1.055781377406321155e+02 8.820986403819760824e+01
9.992730485653257233e+01 1.061864001387336316e+02 8.915859144471184550e+01
9.846813321997680646e+01 1.061124160535363643e+02 9.049032743220759301e+01
1.000004921385461643e+02 1.066380653985774813e+02 9.132583872201504960e+01
1.019410071208063471e+02 1.050965771322200766e+02 8.553984881733612156e+01
1.039935145317528793e+02 1.047061678973243488e+02 8.428228236798997841e+01
1.065262384330207794e+02 1.041971718947522874e+02 8.281976379422569323e+01
1.067543513857916651e+02 1.057235378450319274e+02 8.491344778989164865e+01
1.018807405247821976e+02 1.071856364468637821e+02 9.234815519062179590e+01
1.039543386351056142e+02 1.074320185945090884e+02 9.119516632640205955e+01
1.035843953393605830e+02 1.076820998216701071e+02 9.322552687093370594e+01
1.060206978430808817e+02 1.080565160264024058e+02 9.205212030196342710e+01
1.019099826298792522e+02 1.061223032739415970e+02 8.777244455895275621e+01
1.041378222933145850e+02 1.068788548506869915e+02 8.873165962099146498e+01
1.018943226665652020e+02 1.068321007476352662e+02 9.011590706933735362e+01
1.131085075959976507e+02 9.723351738389413867e+01 1.112734543350879619e+02
1.144458603962292784e+02 9.658527293015130510e+01 1.090433859097142033e+02
1.132528947779941007e+02 9.461720461854363862e+01 1.110994229560552071e+02
1.118537054767572272e+02 9.513969606572256055e+01 1.137145441030241670e+02
1.164139386873680166e+02 9.573877085012806276e+01 1.067641350287289299e+02
1.182847531422115281e+02 9.493477928547693523e+01 1.047662678373533964e+02
1.136944981756390405e+02 9.841434602118903285e+01 7.864102310750173785e+01
1.143274366275603882e+02 9.513139642238466820e+01 7.853314437666094250e+01
1.178510643443307799e+02 9.771640371063644182e+01 7.946972170410037961e+01
1.211401547852055387e+02 9.679939374873781333e+01 8.152355576895820377e+01
1.232878047583747332e+02 9.559863806696986899e+01 8.527938721460961347e+01
8.416002442015528118e+01 9.469924634345041170e+01 1.135931497606074743e+02
8.265119583247178525e+01 9.547763614882173044e+01 1.111794687747484573e+02
8.356722197893266468e+01 9.731926161878043047e+01 1.136143529376157773e+02
8.531029344634531242e+01 9.665882207411954141e+01 1.161927211349179174e+02
8.489293615105670199e+01 9.934602412654841430e+01 1.158483873949613212e+02
7.943771198222037810e+01 9.723179206850737444e+01 1.058472414946927529e+02
8.044002281754693229e+01 9.909360145191065783e+01 1.075703555632253767e+02
7.819776522660168894e+01 9.813368699106962367e+01 1.029397874492777163e+02
7.931770146811172140e+01 9.999938984693756083e+01 1.047332430741679303e+02
8.481117717953017632e+01 1.024597962446964772e+02 1.146962788085445055e+02
8.368205311641722233e+01 1.030338255247257564e+02 1.112103836987407135e+02
8.528243225885974255e+01 1.047886287625359643e+02 1.129460120992321066e+02
8.637670696785703228e+01 1.067059544851752122e+02 1.105078122371675704e+02
8.195632108423453133e+01 9.822605628318999038e+01 1.106057297327477329e+02
8.202736037613927067e+01 1.010449365848007091e+02 1.094512127528332570e+02
8.436884943425525307e+01 9.419128696466799511e+01 7.718928076403528848e+01
8.398596975555003041e+01 9.719048377476855194e+01 7.726851158769134997e+01
8.420438177249560852e+01 9.993106166097284415e+01 7.817099883700385021e+01
8.027434596927292887e+01 9.808540539604386765e+01 7.831410198600293882e+01
8.046716880530598814e+01 9.492853833623553328e+01 7.801686664291989359e+01
7.736966872837746223e+01 9.585589291371333331e+01 8.005116411245771246e+01
8.534153935811798419e+01 1.026316562440944438e+02 8.048483627778666971e+01
8.697460562294484987e+01 1.041858717390734057e+02 8.335299508799543844e+01
8.303299772182170102e+01 1.035691658260611092e+02 8.296760139908876397e+01
8.898846667611138628e+01 1.050917536922040654e+02 8.654323078899727761e+01
8.527673893638566938e+01 1.048159901418405582e+02 8.616262644337547272e+01
8.166144590024897809e+01 1.041739112710888833e+02 8.638304351443804308e+01
7.533614966226291187e+01 9.709361589715912544e+01 8.391888356555631390e+01
7.598494558905068175e+01 1.002887471818703062e+02 8.550959919541503496e+01
7.500750208188941315e+01 9.799039797330441104e+01 8.797213414398791542e+01
7.803870480742550342e+01 1.027815912137368883e+02 8.770716927786715189e+01
7.618394076504904433e+01 1.009553707092827608e+02 8.967913043821877750e+01
8.098516301839067921e+01 1.012642650553493269e+02 8.000631609983989279e+01
7.882709774129726554e+01 1.022802274733625723e+02 8.347720864793872408e+01
7.727131878645104734e+01 9.932097945379977944e+01 8.117189705319799486e+01
8.899800960269479333e+01 9.065526841263577751e+01 1.171700498774719108e+02
1.101219774096581006e+02 9.297614225444885960e+01 1.159528048917768501e+02
1.077929461328248522e+02 9.139587353036273498e+01 1.177087632603081317e+02
1.050155066655999292e+02 9.285463647393524411e+01 1.189698167241348017e+02
1.094366439247490632e+02 8.791486173776135615e+01 1.137940360577431562e+02
1.074320189275855881e+02 8.823954910755620062e+01 1.164139174410313586e+02
1.085255534880287058e+02 8.607534392397344902e+01 1.117815139249948544e+02
1.067060837205280137e+02 8.612743624451874780e+01 1.144158955669242914e+02
1.044507945252636461e+02 8.657300234762512048e+01 1.167122821343802173e+02
1.044646174232336620e+02 8.403004152655083203e+01 1.089896170279495493e+02
1.036039726844324491e+02 8.486083249816330465e+01 1.141155449468929675e+02
1.013283784699558652e+02 8.543087495553108113e+01 1.161137381362833736e+02
1.006140191031229136e+02 8.422019067988536278e+01 1.130413781613693089e+02
9.831854441531827149e+01 8.482928137906549182e+01 1.147797409533732207e+02
9.623827353312788091e+01 9.134850901266071332e+01 1.194425703963796792e+02
9.844329416714954561e+01 8.671919000335168448e+01 1.177502847625700610e+02
9.596947590335645373e+01 8.819768830123796022e+01 1.185097536888975611e+02
9.592124940365846442e+01 8.587073443012195639e+01 1.160697799651857594e+02
9.348408200724563244e+01 8.992828119667817077e+01 1.188613042930712140e+02
9.117110239032083996e+01 8.886461038295485082e+01 1.172525290384904793e+02
1.049123519952782573e+02 8.947142325416879771e+01 1.185499728623551761e+02
1.016377539125826388e+02 8.784687368748053871e+01 1.185374601936515830e+02
1.018646526890736226e+02 9.114233481150057514e+01 1.193852862247964595e+02
9.163634896032010602e+01 9.247787424777446574e+01 7.770009636777200512e+01
8.857980238401025019e+01 9.097447161429518303e+01 7.757982139609006822e+01
1.043791381656878912e+02 9.351625963256213936e+01 7.851712556604226734e+01
1.108151839129518805e+02 9.304438894090984036e+01 7.833647110489096121e+01
1.075291488718389843e+02 9.187060481301418235e+01 7.837665368673467015e+01
9.653985620943224433e+01 9.225785552632700615e+01 7.833111043345249414e+01
9.865364786868821056e+01 9.059129213384414925e+01 7.833477957437500550e+01
9.380318749266334066e+01 9.075983726567248766e+01 7.791399431016466792e+01
9.093778178558784475e+01 8.916214261708715583e+01 7.785606812208277461e+01
9.325306958488583575e+01 8.734008316127442129e+01 7.810474306699084934e+01
9.606189862754941089e+01 8.897409748155271814e+01 7.802166347085305631e+01
9.839413021525189151e+01 8.722172841769541662e+01 7.822407663624207430e+01
9.566048799918613099e+01 8.557150650733574082e+01 7.853402091213970948e+01
1.075726047398728724e+02 8.835218059006794533e+01 7.884470533659153091e+01
1.104749193267880969e+02 8.720397400029855817e+01 8.014235374084312014e+01
1.044507745662015168e+02 8.678920057192885906e+01 7.882343396612094466e+01
1.072114671328535991e+02 8.557599396980580764e+01 8.002681239339757724e+01
1.096104524275879868e+02 8.491928760139180099e+01 8.213608940635666045e+01
1.038839883466583416e+02 8.408267523665654153e+01 8.018549858015872189e+01
1.006542515826219528e+02 8.289859472758189440e+01 8.075444827887459098e+01
1.030167716708353112e+02 8.235811912588465589e+01 8.273103245699327601e+01
1.063139837867439184e+02 8.345409035516344431e+01 8.226393717886372769e+01
1.082705440357754583e+02 8.348631010284279341e+01 8.475603648822439595e+01
1.050446888935105818e+02 8.241508561572889846e+01 8.511682896979422708e+01
1.014942497111787816e+02 9.209353256776783780e+01 7.859134500184721617e+01
1.044817847115527059e+02 9.030521390649468572e+01 7.845194924863974961e+01
8.988893223875510330e+01 8.148081688647643261e+01 9.774006448448334083e+01
8.926829854864011793e+01 8.193086047252180038e+01 1.002440607982481424e+02
8.488089252031328158e+01 8.343025175032570928e+01 9.775624021283270793e+01
8.677935692923476552e+01 8.287341221256038182e+01 1.003624467278617374e+02
8.426238114380534228e+01 8.417888041103101671e+01 1.005269954733113025e+02
8.030167325184639537e+01 8.688727940326127452e+01 9.780887932851776156e+01
8.202159054392701876e+01 8.587938502030239363e+01 1.006895982102026892e+02
8.420496723831823260e+01 8.535314771455585969e+01 1.032005995830329823e+02
8.654027314531023762e+01 8.394173515101637406e+01 1.029601382080073222e+02
8.895620035728705943e+01 8.405283477550923976e+01 1.049092894868487633e+02
7.868417588711257338e+01 8.926270385677263164e+01 9.788261350962454799e+01
7.879666183479625374e+01 9.094802336208326210e+01 1.010021995362470761e+02
8.028517043397093289e+01 9.018116417718641742e+01 1.037343444068389005e+02
8.679118932657058849e+01 8.684864115385028072e+01 1.078899907954172477e+02
8.890796013573384471e+01 8.636696411757577607e+01 1.094237249661351257e+02
8.482810745398637664e+01 8.878344768840962331e+01 1.084687004755172239e+02
8.679858748560204162e+01 8.815063398062662259e+01 1.102175384486317711e+02
8.492119651978498496e+01 9.040544041607559222e+01 1.107382421044013086e+02
8.672529281967602799e+01 8.961014871553955174e+01 1.128359861059566072e+02
8.866693533301668140e+01 8.884907807447571315e+01 1.147775022119037232e+02
8.195049303809105368e+01 8.752594860089818951e+01 1.035676508938373956e+02
8.249240486063442290e+01 8.937777367137522333e+01 1.062875608593403314e+02
8.443439166779691618e+01 8.706447512527006438e+01 1.059103869775230180e+02
8.925021563834562244e+01 8.190133104009277076e+01 9.524847012899935805e+01
8.868667068733044800e+01 8.247525054528030353e+01 9.271322764357826429e+01
8.669463819511911140e+01 8.278584016418697900e+01 9.512824131264859773e+01
8.716679143224476434e+01 8.348970480666095284e+01 8.686987830501931285e+01
8.398861932104847483e+01 8.402297768181014703e+01 9.496662239119496007e+01
8.145140172010358981e+01 8.564582657007895250e+01 9.481128184222423272e+01
8.652686481369332228e+01 8.441437655353674074e+01 8.357038337137899475e+01
8.404321400900897743e+01 8.511720831454522340e+01 8.552688956461724956e+01
8.645034509597729766e+01 8.607218207588019254e+01 8.061966306902036195e+01
8.352674832743281286e+01 8.658383180208865326e+01 8.224195393517697994e+01
8.091430834781068882e+01 8.734305456664979772e+01 8.432848842846057380e+01
8.718438700877212000e+01 8.836420343012164835e+01 7.853305622413651577e+01
8.385093339416393121e+01 8.872495183542926611e+01 7.942249191006776243e+01
8.502312079708877945e+01 9.125331218673787248e+01 7.775547444892131921e+01
8.142882136780795577e+01 9.177111263059431678e+01 7.859225812893990337e+01
7.810738560348792703e+01 9.020255447040223373e+01 8.345851282811115368e+01
7.890650819651253300e+01 8.820784413735442797e+01 9.465285366792257093e+01
7.755684813959179280e+01 8.970880719130147440e+01 9.115542617043567475e+01
7.737511588908519400e+01 9.078006660677411332e+01 9.461644147766034507e+01
7.639757092335807442e+01 9.148516413714872897e+01 8.723023834024289158e+01
8.191179075335571724e+01 8.584164825519783903e+01 8.834708009549439112e+01
7.875967103963900229e+01 8.836272978603399508e+01 8.752687657471705052e+01
1.085382690738640150e+02 8.452391521304511457e+01 1.065922949883930926e+02
1.064788797367118747e+02 8.342145396206203145e+01 1.047558899566706856e+02
1.089420625231765740e+02 8.375559444266065157e+01 1.042380279723726346e+02
1.115774362968196414e+02 8.432749974582770847e+01 1.034913781695152863e+02
1.158304754239694887e+02 8.735735273978691851e+01 1.040919883463569136e+02
1.141246741785839873e+02 8.521299684349762060e+01 1.025345964498018958e+02
1.119334319504563240e+02 8.370365929972966512e+01 1.008820206175516603e+02
1.093981894650352302e+02 8.301062078520885734e+01 1.017891965832107530e+02
1.095996637228763149e+02 8.268325058481201495e+01 9.929347304081737491e+01
1.072819192956805239e+02 8.198339771382720187e+01 9.779610178642707297e+01
1.196235920609446453e+02 9.090258863620144325e+01 1.012678438421080358e+02
1.188515605682582077e+02 8.852871516814350628e+01 9.956089141623249361e+01
1.172156875603185853e+02 8.660263656513036779e+01 9.781513763798508876e+01
1.210438173820444092e+02 9.305273598702029858e+01 9.961064686325279638e+01
1.220032711212011520e+02 9.293720129259547491e+01 9.597214809087357423e+01
1.209106039483333319e+02 9.057725176525961786e+01 9.416949549647696927e+01
1.191164322920890157e+02 8.844082543803111207e+01 9.605427822818839445e+01
1.169988572990472164e+02 8.673982933685465468e+01 9.453268472875822681e+01
1.190531321265272027e+02 8.853212816776861871e+01 9.254539604822124943e+01
1.166809111024885510e+02 8.690553695534944723e+01 9.120005255430102409e+01
1.094108002657943217e+02 8.297143948298227656e+01 9.633740651654962051e+01
1.070433278352886646e+02 8.243455235433143002e+01 9.542288717532649400e+01
1.091041708574663147e+02 8.346458133719826833e+01 9.392159479685422241e+01
1.067594401150085446e+02 8.293613522857543785e+01 9.311424013023331270e+01
1.140274984948132015e+02 8.532894319357897928e+01 9.309595222373813783e+01
1.115891372969963982e+02 8.463212493166631134e+01 8.919531196090268566e+01
1.089797560436465034e+02 8.373847372548659962e+01 9.130885272851040213e+01
1.066615292724491155e+02 8.306144986344652636e+01 9.060456561922121921e+01
1.091400996641924479e+02 8.370730432345210659e+01 8.836364611706662231e+01
1.146829308097609186e+02 8.487926053390722814e+01 9.944667339618790436e+01
1.145135814940540371e+02 8.503235069862220996e+01 9.617183902730356237e+01
1.119966680806937802e+02 8.366941204398841592e+01 9.779965262832506312e+01
1.039936721251809928e+02 8.346262451748143008e+01 1.059749520486476513e+02
1.048210575818166461e+02 8.182988258741426080e+01 1.015495464608981422e+02
1.050592606721244522e+02 8.131802911244651000e+01 9.921264320521463276e+01
1.027306770188409644e+02 8.114290331150665736e+01 1.005470838535365914e+02
1.023681566230481508e+02 8.203588006771173013e+01 1.027826988191149837e+02
1.000795195772799957e+02 8.242022341097353433e+01 1.039117563520208165e+02
1.004077752531522094e+02 8.137223293544019498e+01 1.017777143010898868e+02
9.814049357224114090e+01 8.181420973387258755e+01 1.029254543477818657e+02
1.049824228568556492e+02 8.156107726508764699e+01 9.637917667546066980e+01
1.046981617357880765e+02 8.215580242929594590e+01 9.408282888264106703e+01
1.026660389723954125e+02 8.141313903328629920e+01 9.503398734450475160e+01
1.043149469111645118e+02 8.237367222505352515e+01 8.890315037773993367e+01
1.021152195867466048e+02 8.206322398283697339e+01 9.015652500822388049e+01
1.000669917313729087e+02 8.177582014111069952e+01 9.134045540851873568e+01
9.808191601185016850e+01 8.145020966469209611e+01 9.247085851486352226e+01
9.804667641648839549e+01 8.072925174875449272e+01 1.004550896254588679e+02
9.611563424421051138e+01 8.127472293737864106e+01 1.018388509874790060e+02
9.801830731245286188e+01 8.036504210942158011e+01 9.774715738421291178e+01
9.402047556492242109e+01 8.097186911830453937e+01 1.006127554051683433e+02
9.804658431373290739e+01 8.082244393637412827e+01 9.506644784837109796e+01
9.606375107800383262e+01 8.114043337756743313e+01 9.362860324935768119e+01
9.400494450388467271e+01 8.097228825860938173e+01 9.488029196281189570e+01
9.389389061890919663e+01 8.059975569036608078e+01 9.774500684724456789e+01
9.193034012417859913e+01 8.106875206916400600e+01 9.625275332508331871e+01
1.028012928043960272e+02 8.083722861165078655e+01 9.777965707852939659e+01
1.003919326436289339e+02 8.070295402113617911e+01 9.634377252178971673e+01
1.004035674254589310e+02 8.056642571985545942e+01 9.917868286099157160e+01
1.118906305733349598e+02 9.249068380752731855e+01 1.132813376491450157e+02
1.168223177312061409e+02 9.290036933830771204e+01 1.062000636574499453e+02
1.199855679485735891e+02 9.400415557994692506e+01 1.023308123463324648e+02
1.184682866980758149e+02 9.186888583878779002e+01 1.039355500489687500e+02
1.167372871367446123e+02 9.001861591190211698e+01 1.053455471823518224e+02
1.128810424811185840e+02 8.890290517017160710e+01 1.093470048261701493e+02
1.108318563828554772e+02 8.741172205667081130e+01 1.106762035178919632e+02
1.143377221975807174e+02 8.815899765928887177e+01 1.067695780312987210e+02
1.121230305663269604e+02 8.684995013567531430e+01 1.077909564239851079e+02
1.148687579945155903e+02 9.379337748845426859e+01 1.085594210659424590e+02
1.133197401719676662e+02 9.167655698954257559e+01 1.104656645193311419e+02
1.143473191799574096e+02 9.192632801961291023e+01 7.917600414571866452e+01
1.137007470253425367e+02 8.846669570906870206e+01 8.082093191484696604e+01
1.155286727821678454e+02 8.748033632252611369e+01 8.397991837756578093e+01
1.109208172493024591e+02 8.449117320323989588e+01 8.561948963339354179e+01
1.136635183846948394e+02 8.570228909360427849e+01 8.658701099179084792e+01
1.163445210692617593e+02 8.706495247950611827e+01 8.764688875208088348e+01
1.217508887805014552e+02 9.198207866992207471e+01 8.710426172981100024e+01
1.235861727782339443e+02 9.462097999989065045e+01 8.897731243124124489e+01
1.214955408558194989e+02 9.120095416117789000e+01 9.076960959890001845e+01
1.229535569978171168e+02 9.373073056636359013e+01 9.270605443980963400e+01
1.172302693184635274e+02 9.047684188179532327e+01 8.157139265113076476e+01
1.188704335247622339e+02 8.951004986079354353e+01 8.526654771626354545e+01
1.206881718436226834e+02 9.293431304997899645e+01 8.302763409985352894e+01
9.084178368648304058e+01 8.721649249039526808e+01 1.146560313597488516e+02
9.325470664379470520e+01 8.576817312608501709e+01 1.140138601783347951e+02
9.560364583766644841e+01 8.471229798938068711e+01 1.129436303178173091e+02
9.326807963123908962e+01 8.489454834387520066e+01 1.109009816440310772e+02
9.094489053821834545e+01 8.603340411303425128e+01 1.116336488764213470e+02
9.115252466161089728e+01 8.514941891432108889e+01 1.089054371885115415e+02
9.829343757840736373e+01 8.397429337112443193e+01 1.111800692098676961e+02
1.003757352409855201e+02 8.370753634754943562e+01 1.094452724369652685e+02
9.828751306346356387e+01 8.358397977340143825e+01 1.078859133253485396e+02
1.022905817778286206e+02 8.361747107966431258e+01 1.076361406320230145e+02
1.001872422739944142e+02 8.331063792257700129e+01 1.063443335799563414e+02
9.823678939402280719e+01 8.293765294892530449e+01 1.052409109674804171e+02
9.128542124521058554e+01 8.401593130124882691e+01 1.061472395046263415e+02
9.360282345765352829e+01 8.310202164700186245e+01 1.051045598028761532e+02
9.133703621151983043e+01 8.290060976122995839e+01 1.039761501078621251e+02
9.588632021329426891e+01 8.238587386503884602e+01 1.040217549015858935e+02
9.376694807303272228e+01 8.196260203433749325e+01 1.029258522815831896e+02
9.584017236675489926e+01 8.403963767729992185e+01 1.094854525239261989e+02
9.595607796708441128e+01 8.341248319525983845e+01 1.064626633747076880e+02
9.351995717399229591e+01 8.411074932080489930e+01 1.077501601009807501e+02
8.974422404850932367e+01 8.649089242925604992e+01 7.889771993213300050e+01
8.922617494800375937e+01 8.424251489088358369e+01 8.125659499662391738e+01
9.198888005342115548e+01 8.279006316908375140e+01 8.213809030233571207e+01
9.238355803273104527e+01 8.462815058341864471e+01 7.947842718170169007e+01
9.496779585755612629e+01 8.313039428545465626e+01 8.041126717475630414e+01
9.015438111213265415e+01 8.239486043276522764e+01 8.827854982402557482e+01
9.084378042432413736e+01 8.209178706400763303e+01 9.117875997732691928e+01
9.298168538540582517e+01 8.176562937663548780e+01 8.971243712315690289e+01
9.139524182647161865e+01 8.160772658306315464e+01 9.381443272108820963e+01
9.356358685219225890e+01 8.150658736220334788e+01 9.241688338945679959e+01
9.800654186113794708e+01 8.198945362593006791e+01 8.219085540960048775e+01
9.800276897467369963e+01 8.140918547572834996e+01 8.596900191834663474e+01
1.002039330397049781e+02 8.164735197442225001e+01 8.813471650600337171e+01
1.025855565492179551e+02 8.187556555413139847e+01 8.659946295168045083e+01
9.237972838768385486e+01 8.192287019464700393e+01 8.601855527986282368e+01
9.538177840808870656e+01 8.149349421744264532e+01 8.783393593450855974e+01
9.505971316008188410e+01 8.171387552851889780e+01 8.385256708672932291e+01
1.092319379620972484e+02 1.098494926338013755e+02 9.622898774754324336e+01
1.117549147722086644e+02 1.064574832890264275e+02 8.473397174503391227e+01
1.157777169697254323e+02 1.049723336336835899e+02 8.284818217219587666e+01
1.147465669528686760e+02 1.083812507989698304e+02 8.918024037410783933e+01
9.219718945841596280e+01 1.056035805550889677e+02 9.054805985106126798e+01
9.359965370909817750e+01 1.052261222566362306e+02 8.816316066442881549e+01
1.097702105823113072e+02 1.098538570153882858e+02 9.595808880276139519e+01
1.109092759216227790e+02 1.074045482719903220e+02 8.672927003878713492e+01
1.111050967751140632e+02 1.060346281037471670e+02 8.418414532272635142e+01
1.116471225306371196e+02 1.027571488472695620e+02 8.066635729488567108e+01
1.161624295556367343e+02 1.071379001916294840e+02 8.627703511404483550e+01
1.152539861895320428e+02 1.085195804056082380e+02 8.980655990204859052e+01
8.943290093406918118e+01 1.059288267786236020e+02 9.257898008096029230e+01
1.083731178142262337e+02 1.080395084105804528e+02 8.968526868145293918e+01
1.070939365322152526e+02 1.080421704504927334e+02 9.082227990061966238e+01
1.072563217984921238e+02 1.088217996928319593e+02 9.398732768102065904e+01
1.076616313048993732e+02 1.075609591256680631e+02 8.856639027023605593e+01
8.011734632326221117e+01 1.005190464835725805e+02 9.008775897033358149e+01
1.087663753736141672e+02 1.099435979485137125e+02 9.802399810021103121e+01
1.080191679644584042e+02 1.025956600755336012e+02 9.817144192941071879e+01
1.061935491425649047e+02 1.020353526507222739e+02 1.016178588459386560e+02
8.257569569017982758e+01 9.721201866723140483e+01 9.027274246889925280e+01
8.003690464983661457e+01 9.809309878286940432e+01 9.121651337498325063e+01
1.059190371917227935e+02 1.031282343835080582e+02 9.930970849042299164e+01
1.074825885380154915e+02 1.057878991673972564e+02 9.807691892974183645e+01
1.098840920010892717e+02 1.021529689090022828e+02 9.758533991167240629e+01
1.096612349346806639e+02 1.002043870871523978e+02 9.592908184036512864e+01
1.119280612994867710e+02 1.042322333139031372e+02 8.465711189163400263e+01
9.915104643470668577e+01 1.052403397618972178e+02 1.105120776550713941e+02
9.701592350180536073e+01 1.033640078738146997e+02 1.099129007883793321e+02
1.002098610890660382e+02 1.061340990796634998e+02 1.064398634727285753e+02
9.468563002219896418e+01 1.038497594694613326e+02 1.087742121763656655e+02
9.786028538822840517e+01 1.010559431759406834e+02 1.090445851166974904e+02
9.937573430326403923e+01 9.454744187498796748e+01 8.435532588238413609e+01
1.011467514203392710e+02 9.380040370204655176e+01 8.545705945922686908e+01
1.132870838198041099e+02 1.047950605703090332e+02 9.795700737931628055e+01
1.123700480774502353e+02 1.028203038938170977e+02 9.940812662581168979e+01
1.114315629963217020e+02 1.021958742395722766e+02 9.795814754074075381e+01
9.612011671691503523e+01 9.889440502203574113e+01 9.426910535420067561e+01
9.255621681042822502e+01 9.705355447305979055e+01 9.184428118237018168e+01
9.882204933685055437e+01 1.040553411359643263e+02 9.007838777484731452e+01
1.079322595549010089e+02 9.728886547447351063e+01 9.597108610244247018e+01
1.092547353691936109e+02 9.798881413856122435e+01 9.363424293185225622e+01
1.085725870179503261e+02 9.839243575282321785e+01 9.739197579003237593e+01
1.118738716141620984e+02 1.002803446246182943e+02 9.517932777962505497e+01
1.061737647222233818e+02 1.015583327289459987e+02 9.470859662567653459e+01
1.128324504810952362e+02 1.054040581271991925e+02 8.538603430499114211e+01
8.890304771156581864e+01 1.015632742600796377e+02 9.050102299462929523e+01
1.103260621465009450e+02 1.042679234435112505e+02 9.364040030252095903e+01
1.118241003662176070e+02 1.047617505588605553e+02 9.598581381122927780e+01
1.103486832485484399e+02 1.049857353122797861e+02 9.541567457320083179e+01
9.514112160057965184e+01 1.006205308298818153e+02 8.876908535737774741e+01
9.991012171531261288e+01 1.021597350310661199e+02 8.478163648029556043e+01
9.863848547855599236e+01 1.016543333229335815e+02 8.832954439615343745e+01
9.668472053775786890e+01 1.021095962037273068e+02 8.895706229944988763e+01
1.097852738528302723e+02 1.095881503374581598e+02 9.724942250279977429e+01
1.136340737782798698e+02 1.022094513915897522e+02 9.755244379087960738e+01
1.125378189639932458e+02 1.056345362288330989e+02 9.350380962917108718e+01
1.081304705060829860e+02 1.021666159177372322e+02 1.026374018365361991e+02
9.318565244694484306e+01 9.651095187985032453e+01 8.784082347420039127e+01
8.904141474144573465e+01 9.376097623805362957e+01 8.710231239474245513e+01
9.506416985233116179e+01 1.011990962225951165e+02 9.286107938611034740e+01
9.244253373483023495e+01 9.894788117088909019e+01 9.350882808585670602e+01
9.411467443773850050e+01 9.343538821557993401e+01 8.619837645016997385e+01
1.057378575577490665e+02 9.328306439568818575e+01 1.124490314520654408e+02
1.080234649842106052e+02 9.428365895957801968e+01 1.125354841297040878e+02
1.045378626073181323e+02 9.487932760528600795e+01 1.092318560069466145e+02
1.035134820390355657e+02 9.610524449161847826e+01 1.129116060026213688e+02
9.261593307689537369e+01 1.016044822387405446e+02 9.640309537643057070e+01
9.536912353106740170e+01 1.021122777868879297e+02 9.733393234246042880e+01
9.047365541795090849e+01 1.031505681582235496e+02 9.761841883460461133e+01
8.964273720731732453e+01 1.046721692982322054e+02 9.521106206469933397e+01
9.322755525045631941e+01 1.039698622942323567e+02 9.877369373911297146e+01
9.302540654264058162e+01 1.003707020016940419e+02 8.441838404431754839e+01
9.525568038002882076e+01 9.838710865834863739e+01 8.803618526926257459e+01
1.177763010240826418e+02 1.040176318145702083e+02 8.455136379067613461e+01
1.150739487960517664e+02 1.044398125498748300e+02 8.728437396977429330e+01
9.395421147863353895e+01 1.009345995628069232e+02 9.055805060910132909e+01
9.064707388745060257e+01 9.663258812194195002e+01 9.202117003379864002e+01
1.060503811266138712e+02 9.868958970035598099e+01 9.019324760348368386e+01
1.037640127609084288e+02 9.864024445364394467e+01 8.761926208357539281e+01
1.091996982553557700e+02 1.003459756344050788e+02 8.643586184586851573e+01
1.070542313046076117e+02 1.022513895392737595e+02 8.938185933514940018e+01
9.408112865986855411e+01 1.022963485741747007e+02 9.385974020794893136e+01
9.659758426224108518e+01 1.019868895529752280e+02 9.241859321577970832e+01
9.578310857648274634e+01 1.029768769148746799e+02 9.226348843323044946e+01
8.997653006758376648e+01 1.005832460543718554e+02 9.195044343386734909e+01
8.953662651673067785e+01 9.819099434427189976e+01 9.422821568099944045e+01
8.766542452343070124e+01 9.816327359789541163e+01 9.589641550867050057e+01
8.934954357431665528e+01 9.769681804928868019e+01 9.239080479570817772e+01
1.137864146465371959e+02 1.073571762696400071e+02 1.033504879815304491e+02
9.789965650945217135e+01 9.898917106486750583e+01 9.142869858035642494e+01
9.670221070548832643e+01 9.620147970853960828e+01 8.999231930915476596e+01
1.124687697569089124e+02 1.034471710485251918e+02 8.303311286240963796e+01
1.079870970781174861e+02 1.071854193920630678e+02 9.791469198456721301e+01
1.092235027634623634e+02 1.060025181309095501e+02 9.638587413627168132e+01
1.109386007736649304e+02 1.029978148026821003e+02 8.431378608431522537e+01
1.057263561481936449e+02 9.765802901540045866e+01 1.107953208639700620e+02
1.082201898168910930e+02 9.498742775697236596e+01 8.606683292465753254e+01
1.052562245977367752e+02 9.536538919011643145e+01 8.426548598557562286e+01
1.078621051147509320e+02 9.681427000700269048e+01 8.381478375047979057e+01
9.765395317782636653e+01 9.647098900362027507e+01 1.072198203763378501e+02
9.742058828892426448e+01 9.483836516467074773e+01 1.051460122800482111e+02
1.097372199158569970e+02 1.057718737037578620e+02 9.425544254454153759e+01
1.079167904501186257e+02 1.059631937887376694e+02 9.404466175025922325e+01
1.149209276564266702e+02 1.054446648391132726e+02 8.971344505579472184e+01
1.149101347935770576e+02 1.062862087554510993e+02 8.780649721383818473e+01
1.135625804177115583e+02 1.023779258350730288e+02 8.390935145013158092e+01
8.494757741016218233e+01 9.789613932725536927e+01 8.139295530913165067e+01
1.137186985384779803e+02 9.884886114503287047e+01 9.742892734276277622e+01
1.145238620743088518e+02 1.003976870695146317e+02 9.493468373364068214e+01
1.166549144240574378e+02 9.949259474677970161e+01 9.338547754744386964e+01
1.130397868818109544e+02 9.901139589636885319e+01 9.378818988089076925e+01
1.006699304654636506e+02 9.924496058379919816e+01 8.588494017002626890e+01
1.016051270831984965e+02 1.003230181389978526e+02 8.328287474457650319e+01
1.125278186422359283e+02 9.958534845875304597e+01 8.439930983393699648e+01
1.124922940065180228e+02 9.764935498371735889e+01 8.375533235739970905e+01
1.142566069058080700e+02 9.915595896760036965e+01 8.459985599538880763e+01
1.159824537025980362e+02 9.840958713626461929e+01 8.340250354162181168e+01
9.590363719457931779e+01 1.013846290111832928e+02 8.348609292547165239e+01
9.401621347352896407e+01 1.022113633034167890e+02 8.414291987988607957e+01
1.118485136257193204e+02 1.044880344756210775e+02 1.045320831715554704e+02
1.130655324087101974e+02 9.896482121696945455e+01 1.016631214249095621e+02
1.014953599340100538e+02 9.651403394367176247e+01 1.042518429698805562e+02
1.007024915962682599e+02 9.471876131645311148e+01 1.007566456896803828e+02
9.090973514514993781e+01 9.338203930574771050e+01 1.141121519063299843e+02
1.071203839527995854e+02 1.011772185956121604e+02 1.132199335944860508e+02
1.055829128635106713e+02 1.008583609352159698e+02 1.162599731947825035e+02
8.252599263569763366e+01 9.734026936330532465e+01 9.506424382735343670e+01
8.623026317083306935e+01 9.737933704441257987e+01 9.230888448842939908e+01
8.635043834720434575e+01 9.781012460549575849e+01 9.770324599216716877e+01
8.575175713055531901e+01 1.002598242138605258e+02 9.171753531641849122e+01
1.096411211898139157e+02 1.058899456939566335e+02 8.738455099751365651e+01
8.744510225791327684e+01 1.017637904829382336e+02 9.982244993574884973e+01
8.446234932408280827e+01 1.020110903316279547e+02 1.041061700916315687e+02
8.561056173524531232e+01 1.024009315648804233e+02 1.064031521044412045e+02
8.539454231087320579e+01 9.656698377621474094e+01 9.081281348377444829e+01
1.039341924567629007e+02 1.063421706391678612e+02 1.031022887276032520e+02
8.730939061492492215e+01 9.659923548957954154e+01 9.101959893121247092e+01
8.837089171226861595e+01 9.495070869612980857e+01 8.951944796160604767e+01
1.204352938528799655e+02 9.734451326284526829e+01 9.664217318303180093e+01
9.466799702243010017e+01 1.024855617306578495e+02 1.031144849620092430e+02
9.861658492983761448e+01 9.994671642661445787e+01 1.044071361160787177e+02
9.377194490740102140e+01 9.953145129843279904e+01 1.037648713765609045e+02
1.001959174491654494e+02 1.001860569755570793e+02 9.014346887089089932e+01
9.799396723617897464e+01 1.001492453961452469e+02 8.504943885974988405e+01
1.003935452734773861e+02 9.930397308541920154e+01 8.218641285502022242e+01
9.561418339084625018e+01 9.269002909874065210e+01 9.331012169253860122e+01
1.154036275946355943e+02 1.035699774945879454e+02 9.623214200703473864e+01
1.139432579465612037e+02 1.054501103365658281e+02 9.209415782914432214e+01
9.094146173766903019e+01 9.890974626407631831e+01 1.100488303177959892e+02
8.861615615243435684e+01 9.920535328034016231e+01 1.084694697310370231e+02
9.182939550417459884e+01 9.922796377913589083e+01 8.093680092356255784e+01
9.357089228474754350e+01 1.014612693148997096e+02 8.897576643555335352e+01
1.104676583863088268e+02 1.037268873248190602e+02 9.191328506575092661e+01
1.123502703101294173e+02 1.048999421153191918e+02 9.179280426624072220e+01
1.096998981329193299e+02 1.018513159601666587e+02 9.090449127755456971e+01
1.093471425003692588e+02 1.053978292365578255e+02 9.048195626889705068e+01
1.046551087913210552e+02 1.088098566890268017e+02 1.042227601214667914e+02
1.074988094341382947e+02 1.082616602567936042e+02 1.037389258432265251e+02
9.147186965577422768e+01 1.027028298438548006e+02 9.211468697199177313e+01
9.077053731930864444e+01 1.036367950290372875e+02 9.380230052200657553e+01
9.088627326761000802e+01 1.029783235310656835e+02 9.080234038173279032e+01
9.144565259603203344e+01 1.008430793624549153e+02 1.130041611635078596e+02
8.972884642276173395e+01 1.012836581949102452e+02 1.152569737718122838e+02
9.115758511548976628e+01 9.912851837576791070e+01 1.148549017916088815e+02
9.323525154797842163e+01 9.853894452075256538e+01 1.116108639437388348e+02
9.391337107936695361e+01 1.032510067328396559e+02 8.802405099111194886e+01
8.451354764496997518e+01 9.706667334629901234e+01 8.754834420929864791e+01
8.298542529722243444e+01 9.929338043691163307e+01 9.045859668155055999e+01
8.600755330250771635e+01 1.000056939998757173e+02 8.503825845844380638e+01
1.028284350498309436e+02 1.040286575331447381e+02 1.075264564376865764e+02
9.921101660747210360e+01 1.040297993578243876e+02 1.158222443500745555e+02
9.913478868708635616e+01 1.059369101987883539e+02 1.129631353112889371e+02
1.026513709328881134e+02 1.069947230277749952e+02 1.120436096759336806e+02
9.616796378652556143e+01 9.475941397579147463e+01 8.408109585329468416e+01
1.100264716340859508e+02 1.044005555695376444e+02 1.033539529578798692e+02
9.881532115779546643e+01 9.505553369046391765e+01 9.015419936167133130e+01
9.663366879123324793e+01 9.634585134949547580e+01 1.102644963004428007e+02
1.038323983291767689e+02 9.840257838685170100e+01 1.156390833633701192e+02
9.211758440234486045e+01 1.034350147322434594e+02 8.538818988370174168e+01
9.624724575527834247e+01 1.022319169792780968e+02 1.161478065920929907e+02
1.079163422028481705e+02 1.043535503149540489e+02 9.137761294500757003e+01
1.081937191107342784e+02 1.046220604094865934e+02 8.983301480728121646e+01
1.090485649103576264e+02 9.899213207489802357e+01 8.989737280313619294e+01
9.670409122337387942e+01 1.069347951120864337e+02 9.963572105878084528e+01
1.147575610695948143e+02 1.038877922939875589e+02 9.736855445433739931e+01
1.119533444414465464e+02 9.941362692534863754e+01 8.980705638371919974e+01
1.105492568537106735e+02 1.070285037404388220e+02 1.001472917803683487e+02
9.101624501697929759e+01 9.932702455474397141e+01 9.864350805354642659e+01
8.404341359963032687e+01 9.989626178869873740e+01 9.983140635697513687e+01
9.410548661613559318e+01 9.507218308270194029e+01 9.760928454902773410e+01
1.056481336729892035e+02 9.852551664588730773e+01 9.678472931599004880e+01
1.046445271618790400e+02 9.589825300844529465e+01 9.475530665246604656e+01
8.743968503579873186e+01 1.042224600264776058e+02 9.357081157703828467e+01
8.195683170357416714e+01 9.546569792687520817e+01 1.031884544937237109e+02
1.065822211074272730e+02 1.076520181885219927e+02 9.393152255910440829e+01
1.140730949722610745e+02 9.725099809186076527e+01 9.645121776674976388e+01
1.030838312089130540e+02 9.638491731537082785e+01 8.433144819104970225e+01
1.175400422790778379e+02 9.587681562431724558e+01 9.289897291301542737e+01
9.523697998624952277e+01 9.757300003221739360e+01 1.085404283550656288e+02
1.171864741463733566e+02 1.052870597682177873e+02 9.763774388465667187e+01
9.958639731828907316e+01 9.370306626670971184e+01 1.081088868196195989e+02
8.662478064601829431e+01 9.361441393409823775e+01 8.654272349616800852e+01
1.135227820478139620e+02 1.075234577111711758e+02 9.522554288404568013e+01
1.133659595384796859e+02 1.082254478650596354e+02 9.693897982209273323e+01
1.205243844532308231e+02 1.043754395847232530e+02 9.097925210291994347e+01
1.168888994992340145e+02 1.057723851547250717e+02 9.025674569641167011e+01
9.759235514603227557e+01 9.303532711088665508e+01 1.132484185026633554e+02
9.943175518056290230e+01 9.606285258713123199e+01 1.153832031970312215e+02
9.359653011587401750e+01 1.039051425403761755e+02 8.921727940366524479e+01
9.014947783586811170e+01 1.016073347213707052e+02 8.937255342242886513e+01
1.157322568792021400e+02 1.058682227497052253e+02 1.002007038938973409e+02
1.126741451797698375e+02 9.610863493334525742e+01 9.810409392051306554e+01
9.463906511442372960e+01 1.042410543877393110e+02 9.087231186381329451e+01
1.098109511862672178e+02 9.843741006888110689e+01 1.008642466569064595e+02
1.119398903703122414e+02 9.756804238829921871e+01 1.030772267985821316e+02
1.044028778068425538e+02 1.002241644386594146e+02 1.098260805313463635e+02
1.059922229144346488e+02 1.006339832377609440e+02 1.075177833935612455e+02
1.089474323425185247e+02 1.040744735602761040e+02 1.099040755564052176e+02
8.739607864317125063e+01 9.539102151171012167e+01 9.830372123743249801e+01
8.547763354979724681e+01 9.361070279598247623e+01 9.347672518185360957e+01
8.099625859368268266e+01 9.495875365351858477e+01 9.353002627309948025e+01
9.793719888160779874e+01 1.026055730763940801e+02 9.062502989511672524e+01
1.000382309307429693e+02 1.089215068509835618e+02 1.046520820428778791e+02
1.049983963437707359e+02 9.731296838095437352e+01 8.440714459745265685e+01
9.860281863452037499e+01 1.076486900149109545e+02 1.098027292602757541e+02
1.061718178820376011e+02 1.079241541793424233e+02 9.898048459213032402e+01
9.915889572571678912e+01 9.661965826206068186e+01 9.582791787858454313e+01
1.170324999615313004e+02 9.879703494531602814e+01 8.895959626871346870e+01
1.085729795461723199e+02 1.021141427117561875e+02 1.061909240702471919e+02
1.094154939719064572e+02 1.002483959875329447e+02 1.061351659352897201e+02
8.585002640460560031e+01 9.251809799518382249e+01 9.141004018377036289e+01
8.434248184991946573e+01 9.898475491446319552e+01 9.779153230468604363e+01
8.409344930514812688e+01 1.008694265719147722e+02 9.514490213976596067e+01
1.093399996510076164e+02 1.084114447018424556e+02 1.004025482260155115e+02
1.073064947225620926e+02 1.091349465665747118e+02 1.002057279640691831e+02
1.088004138908305833e+02 1.093875675843924427e+02 1.008292750535352269e+02
1.054788226121514185e+02 1.065674826702190927e+02 9.888677242936068978e+01
8.658605590733805002e+01 9.494901633398626473e+01 1.113882405646827181e+02
1.051262083562914711e+02 1.029368847757488510e+02 1.064832395045139037e+02
9.510962869541306475e+01 9.756158542379156984e+01 1.010272315266749814e+02
8.262161483913223492e+01 9.717465862942465549e+01 9.838552095871088454e+01
1.104065437380508143e+02 1.087353295510139333e+02 1.039405847223923587e+02
1.047715961151490376e+02 1.020653710801736338e+02 9.595422755586582753e+01
1.033487657206268295e+02 9.666798541468530459e+01 9.848521959267969805e+01
1.070889675573711770e+02 1.074224731730429170e+02 9.550665723027003651e+01
7.843695795374036095e+01 9.339596470181805898e+01 8.800445285535035111e+01
1.095839309921482396e+02 9.995011154624641847e+01 1.112828766756709626e+02
1.077870257760189929e+02 9.933269479955245629e+01 1.088292318260241416e+02
1.186197094494749251e+02 9.915849647128119670e+01 9.553149212495935672e+01
8.292253928219993497e+01 1.005697728558030093e+02 9.749517282138435803e+01
8.666164170727167004e+01 1.041546308170662769e+02 9.479061922314876654e+01
1.002555404174124760e+02 9.900958856171112643e+01 9.304213053362157382e+01
9.970346181765216897e+01 1.006831328440826780e+02 9.411398082049618097e+01
1.107947084100839135e+02 9.639723974926344852e+01 8.342053572263338879e+01
1.141593779978715730e+02 1.078345554545347085e+02 9.339324203842825511e+01
8.808097219708571401e+01 1.052906116496502591e+02 1.090337972436134066e+02
9.152840286764460132e+01 1.075406466218075394e+02 1.080201621354078867e+02
1.049948249190899077e+02 1.083064483922250076e+02 1.070970521851441930e+02
8.598245311861751361e+01 1.021251530452203156e+02 9.784885275602283627e+01
8.219777417516003482e+01 1.012699517248026808e+02 9.947062842888809087e+01
9.576321438129949115e+01 1.056679917751096411e+02 1.021680287304404686e+02
1.002829187411291940e+02 1.071792245981528424e+02 9.942751144909671268e+01
9.649802118356926428e+01 9.240707363298776045e+01 1.172674617434779805e+02
9.269131221737313808e+01 1.042531720333381458e+02 1.025154245231796466e+02
9.490575893430195720e+01 1.024868744548070367e+02 1.000471376223876803e+02
1.002081662840164427e+02 1.045233902909384227e+02 9.082011226330901366e+01
1.015653844323493615e+02 1.028452132191756334e+02 8.577420812492772484e+01
9.762939043326552735e+01 1.040708177253950026e+02 9.114834860383977855e+01
8.131327004083135535e+01 9.923541308326406352e+01 9.859484744424699443e+01
9.013725207868270672e+01 1.013135934616026930e+02 8.295062039534965947e+01
8.264289452587871665e+01 1.009559653230088685e+02 9.368433186153573899e+01
1.163696744773176590e+02 9.951222531601726473e+01 1.024610942927924384e+02
8.886107879366102225e+01 1.022206014384888277e+02 8.690117161956455050e+01
8.865928685408094623e+01 1.047260155213626405e+02 9.097791359831549585e+01
9.444492165377938875e+01 1.043693354382202330e+02 8.816870263068169322e+01
1.117677085310373428e+02 1.078360515525672696e+02 9.098997261416931792e+01
8.101068067933053385e+01 1.018217395407788359e+02 9.761708230511568729e+01
1.181757134592565279e+02 1.016800484954258224e+02 1.014076574881789554e+02
8.486115966088227935e+01 1.003258947388280831e+02 1.078039106869384511e+02
8.091235734948698166e+01 1.020667732042886229e+02 9.358397000456471915e+01
1.054352033292963142e+02 9.551404532443395112e+01 1.001257825644073023e+02
1.088211821266098696e+02 9.441674660961626842e+01 9.672210761560485537e+01
8.938543911593924918e+01 9.810807972225705953e+01 1.035921103086702857e+02
8.565263044846079765e+01 9.704945865520740256e+01 1.037530131987698212e+02
1.080411919578970270e+02 1.056411060867859248e+02 9.062748402813177506e+01
8.824750229526600265e+01 9.586403995338864092e+01 1.016366752517666185e+02
1.111441865983058648e+02 1.007745266370411770e+02 8.134753181022227864e+01
9.782845775295724877e+01 1.044759700541879397e+02 9.293084420873499596e+01
1.222983475590632452e+02 9.993546304998746166e+01 8.974091288343072392e+01
1.221603672360121919e+02 1.005946692909339077e+02 8.626185624729100709e+01
8.053164988204413532e+01 9.724386314296123146e+01 9.334859153736283588e+01
1.131747209530036145e+02 1.053546228568006455e+02 1.060977476835517450e+02
1.115621193798860418e+02 1.060791085369706508e+02 1.028963823105267608e+02
1.120199727806193977e+02 1.064219661379568294e+02 1.045413741149794191e+02
9.253783493001549232e+01 1.067838921279304429e+02 1.017241420992500167e+02
9.464317834447875555e+01 9.604583545956872115e+01 1.162908232518228289e+02
7.744471646526100983e+01 9.602062960699799987e+01 8.735457913920728856e+01
8.537800622789418981e+01 1.044179257749884044e+02 9.130083583855275720e+01
9.960882426128290490e+01 1.023219739308873386e+02 9.968393965801674028e+01
1.012237846680914828e+02 1.021256794654841258e+02 9.854019433444835840e+01
9.903787930606256396e+01 1.063282408770526644e+02 1.024011123213106060e+02
1.001766077322470494e+02 1.084468612259737910e+02 1.018792003106542978e+02
8.703677394335807094e+01 1.045253113506689431e+02 9.112484181841003306e+01
1.124063544431017618e+02 9.436767247349823151e+01 1.068820639789823872e+02
9.381540701264182758e+01 1.005501206642481264e+02 1.015269552974438483e+02
1.181113538001463752e+02 1.003480468029153911e+02 9.825871355231760162e+01
9.056265287601181058e+01 1.036482419669856228e+02 8.920690817600323896e+01
1.074124465722792507e+02 9.803419054655837783e+01 1.039611791480055416e+02
9.151746446996692441e+01 1.016400750679207334e+02 1.024949681477462349e+02
9.159024602167055207e+01 1.034048520154054245e+02 9.989781431483690710e+01
1.155188196584937543e+02 9.536573951323828169e+01 8.319153375996990007e+01
1.012476696361673021e+02 1.011246672166377465e+02 9.497790778548414892e+01
9.834668814827719530e+01 1.032046418314995719e+02 9.532168589425786820e+01
1.166415335361509591e+02 9.506670161735615920e+01 8.745524849047933458e+01
9.752939490824745405e+01 1.025303074530822158e+02 9.367805639974939425e+01
1.059148852909848699e+02 9.737054346626356960e+01 8.150511359554528212e+01
9.596753779526036965e+01 1.049391267440561393e+02 9.512928188666930396e+01
8.531753193287968884e+01 9.562419065626846759e+01 1.093240460833215479e+02
9.132726375572187294e+01 9.629290874171718428e+01 1.008090922835785932e+02
1.081465067808810403e+02 1.069432353004868617e+02 9.159348101315849533e+01
1.087354579547391467e+02 1.070618861034875522e+02 9.355338294974940538e+01
9.982119323036488368e+01 9.820824895348778227e+01 1.118162942540206330e+02
9.834547563525248393e+01 9.683579243804589964e+01 1.009926919538362142e+02
8.192640910311456537e+01 9.897102640622452441e+01 1.007805824265736163e+02
8.435425270681369625e+01 1.018353038025686885e+02 9.649400025033183681e+01
8.238627254773047071e+01 1.009865546648000532e+02 9.581146766115408298e+01
8.537743905787850451e+01 1.021108178646555018e+02 9.459585412088166834e+01
9.331630197279913830e+01 1.085447263290158304e+02 1.098579767758936043e+02
1.140352459374320091e+02 9.710227563524303207e+01 1.018394431063223493e+02
1.003007755526729454e+02 1.052356011478952809e+02 9.426220471637432752e+01
1.175391773863853189e+02 1.007440304375399762e+02 9.135157842752116153e+01
9.761970259557476481e+01 1.048288678950557227e+02 9.437743690626365378e+01
9.906229682765567190e+01 1.048852131590909948e+02 9.358791753282264381e+01
7.907060827887787013e+01 9.640419693776584609e+01 9.717351187432757342e+01
7.932070031719754866e+01 9.243540011610936347e+01 9.085123301512953731e+01
1.013346410415145726e+02 9.660843292687644634e+01 9.570254918792018373e+01
1.010748272766798692e+02 9.461425005362693241e+01 8.889594099817117012e+01
1.137238795783572414e+02 9.597689140139766550e+01 1.054110486661416246e+02
9.706645797596964087e+01 1.060805588954858081e+02 9.755677787003622825e+01
1.017896199214866755e+02 9.985838260736956329e+01 1.157063354232346910e+02
9.418888846796411940e+01 1.078152741688845140e+02 1.031838763838464388e+02
7.848194734304829012e+01 9.570155468389420150e+01 9.391938786513999560e+01
9.779738648297826842e+01 9.714610266906521474e+01 1.119965029627842341e+02
9.551599894281004310e+01 1.090289398294366805e+02 1.083642023108255898e+02
8.498491748890680242e+01 9.258177364060205150e+01 1.001887467524231710e+02
1.042572456783454129e+02 9.572499639446510855e+01 8.719676532978697026e+01
7.832502919654129414e+01 9.481312693060077379e+01 9.024411618403182445e+01
1.213517624252181690e+02 1.032874677812227446e+02 9.582119250627256690e+01
1.167397670502149225e+02 1.033447561109439050e+02 9.973530783883894912e+01
1.168735942250866628e+02 9.710220380341003477e+01 1.025186749396111310e+02
1.003094443347068960e+02 9.681036595727465510e+01 9.865182100292574319e+01
9.182513757091909667e+01 9.746170674244974919e+01 1.047441964411422077e+02
9.318214838409872414e+01 9.515326001565205161e+01 1.038420842558723365e+02
8.886280358928053147e+01 1.049212400978726407e+02 1.026289175718735578e+02
1.150763871281426134e+02 1.009707820159477052e+02 8.655820507536421360e+01
1.065342170681093279e+02 1.008061829570290087e+02 1.043014778309004669e+02
1.181708550908817870e+02 9.639590758581937280e+01 1.003500812572413849e+02
1.129489240830680075e+02 1.067440263961981231e+02 9.340408292777114241e+01
9.128641005041387757e+01 9.423677865703966461e+01 9.964271463099026960e+01
9.475081174518081184e+01 9.491317609559834523e+01 1.000528184704479031e+02
9.523534708547857974e+01 9.341249038945221628e+01 9.846460250521472801e+01
8.666379728598226961e+01 9.327148356569801990e+01 1.040918586124530378e+02
8.669134245498403857e+01 9.645707805707928628e+01 1.055123799929744877e+02
1.051462198109647943e+02 8.481996715006906129e+01 9.962889505953060620e+01
1.041119308157734764e+02 8.424708551611254848e+01 1.011170759974352364e+02
1.050811649111902568e+02 8.685507296162334967e+01 9.968385275293368863e+01
1.058691357940606252e+02 8.495854208684620801e+01 1.019246865974466374e+02
9.419529740597849354e+01 8.836739022704256286e+01 9.077199179612861712e+01
9.336009090768240526e+01 8.895765620411883390e+01 9.371659506175660681e+01
9.246509246480854927e+01 8.930923508363051155e+01 8.981462752128916804e+01
9.143892888697524768e+01 9.148793927841312268e+01 8.834437481094748534e+01
9.002396444200326187e+01 8.992410642618155237e+01 8.591892047331145932e+01
9.832696817907381615e+01 9.132663388056052156e+01 8.347237772327440553e+01
9.750061789087952491e+01 9.186614063611659731e+01 8.639804857102576818e+01
9.144656239661436814e+01 8.704259583503193198e+01 9.249303968591644320e+01
1.051145730546942332e+02 9.387423954962609685e+01 8.926115607525915152e+01
1.071263275951779264e+02 9.019084598557716959e+01 9.013458500917175797e+01
1.048461215899067298e+02 9.117267133850471339e+01 8.908285013041908940e+01
9.733387697510544001e+01 9.131515908308796270e+01 9.283127426913556235e+01
9.277787425403974453e+01 9.240563159074849864e+01 9.316090275425025879e+01
1.027610792444246357e+02 9.236715218220699342e+01 1.168553719773378816e+02
1.057153699319296010e+02 9.314967216204547640e+01 1.091181891480866000e+02
1.062214132407470260e+02 9.143492426705785192e+01 1.100625563311518960e+02
1.120326393004269647e+02 8.965523790015816985e+01 1.054147327763607507e+02
1.004527051810875236e+02 8.839832012033141950e+01 8.806187923525129690e+01
1.083646260649152993e+02 9.021708799414702185e+01 1.048876355676872407e+02
9.589832475754100471e+01 8.613882039458411555e+01 1.001215824292692247e+02
1.082987270631379602e+02 8.835368749925915210e+01 9.191362686468998788e+01
1.060069581078697638e+02 8.823346159360497154e+01 9.365873228527836147e+01
1.072763116308481273e+02 8.804031774932256837e+01 8.922389832764584128e+01
1.113421214491283138e+02 8.793948373578790267e+01 1.040835756016669222e+02
9.963119668069292345e+01 9.261403912779880443e+01 1.028564068039527086e+02
9.677975935443880928e+01 9.086534918439508601e+01 1.048197797461930634e+02
9.484392243329672567e+01 8.983173754987498683e+01 1.099876674351378227e+02
9.032978633994238749e+01 8.886402574875981486e+01 1.102228508856700984e+02
8.736492836857132716e+01 9.029927359062668302e+01 1.020695253532238951e+02
1.049364147237512270e+02 9.142647409912636647e+01 8.109520103043310257e+01
8.819682290999435281e+01 8.835115186674039478e+01 9.401744819275855036e+01
1.096603384401397534e+02 9.082069286193653568e+01 1.099117290251064816e+02
1.162431556456977546e+02 8.930694644450568376e+01 1.004849999433236434e+02
1.099320710915795445e+02 9.327275969823330115e+01 1.108105512916343969e+02
8.836045229114432686e+01 8.587956049372365896e+01 8.454089110444827782e+01
8.862492566536000993e+01 8.774635901894005485e+01 9.605992123719333620e+01
9.245394283372327493e+01 9.075161579532796452e+01 9.481414222531648761e+01
8.920646537414525312e+01 8.728139270743825762e+01 9.804786352503850821e+01
8.651937850213744241e+01 8.600186962648821520e+01 1.002788236630945420e+02
8.700320529572941552e+01 9.052174769253056752e+01 9.269272178630330927e+01
9.717749543630021947e+01 8.932158475332667535e+01 1.104421510808806914e+02
9.577755912558157547e+01 8.333098618642384281e+01 8.909567964923408567e+01
9.323341531426197548e+01 8.387163809316993479e+01 8.783791610414935747e+01
9.535711732356548964e+01 9.251774912741025503e+01 8.407470645852865232e+01
1.016506449718392275e+02 9.215103046764143357e+01 9.537963567977260482e+01
9.707120677740952885e+01 9.125218824205137480e+01 1.122261619112430111e+02
1.019178893291813495e+02 8.599504778537591676e+01 8.578973461201374562e+01
9.375120286789081092e+01 8.800398310833300286e+01 8.406956450514606161e+01
1.079235349498651573e+02 8.531315973356797144e+01 9.670492676136075261e+01
9.663522102412805737e+01 8.316735015225316374e+01 9.670136474446704256e+01
9.471740609655959986e+01 8.285162024321908802e+01 9.788419661669358618e+01
1.122880545869436162e+02 9.389560822052459343e+01 9.158341125049749110e+01
1.006921010332648194e+02 9.291225495980923199e+01 1.104125418122031022e+02
9.997045894770511154e+01 8.640825026923005225e+01 9.157133976022984712e+01
8.870480266365269983e+01 9.130944413829656980e+01 8.777360467943937294e+01
8.777499062664951168e+01 9.155889083360722225e+01 8.177783422056074869e+01
8.751614570795595682e+01 8.852167377734771492e+01 8.476202587012012657e+01
1.034585131186600222e+02 9.362520326253060432e+01 9.587515141494131399e+01
1.081473226075458172e+02 9.261321872718228576e+01 8.067404985008361962e+01
1.102229544631380520e+02 8.853061044741875207e+01 1.063024752685208654e+02
1.082165539410721351e+02 8.767224603146649997e+01 1.070523871305959460e+02
9.729878145922344856e+01 8.586298948238589901e+01 9.708934019523529457e+01
1.035960851125648929e+02 8.805137340649028488e+01 1.128824208640141649e+02
9.958928925125297837e+01 8.904304439844361241e+01 1.152637698324693218e+02
1.121901370913634679e+02 9.177049431548192615e+01 8.865079049098513053e+01
1.097896382344171684e+02 8.914633919801401873e+01 9.917895293205108942e+01
9.345302612237705375e+01 8.624650951433463320e+01 9.088294463835202919e+01
9.330050811744327177e+01 8.633772908131324186e+01 9.337155235928041463e+01
1.058667240740526125e+02 9.392458170991041300e+01 9.363870482177395616e+01
9.262956470051993563e+01 9.271442032011125889e+01 1.067114805279334888e+02
1.044872455941156630e+02 8.823047438730539227e+01 8.123218839014290893e+01
8.613833755203143028e+01 8.974498215979394899e+01 9.810639617753966490e+01
1.020958640783341025e+02 8.703710875619992748e+01 8.269407160042922555e+01
1.015554799556716574e+02 8.409871982773049126e+01 8.454912754408940145e+01
1.082832014076795417e+02 8.534581192759358714e+01 8.930199314801537014e+01
1.103669017141399422e+02 8.665610107119746885e+01 8.744201979042162520e+01
1.068033367456645806e+02 9.025901616229997160e+01 9.343380342663874671e+01
1.112756644252387730e+02 8.920433025304785701e+01 8.804663633317311167e+01
9.051903317734289089e+01 8.480254455208019237e+01 1.021232921559195859e+02
8.323271807707766357e+01 8.831139175171188072e+01 9.797341112955520259e+01
1.100259934482222945e+02 8.598846295812647611e+01 9.794767547823357745e+01
9.928420334373008416e+01 9.088153681541433571e+01 1.172887131548864375e+02
9.076481738475172278e+01 8.803756922014102315e+01 1.076937824034694984e+02
8.870940988049557063e+01 8.935533136925936049e+01 1.085940500387470422e+02
9.337844451275711322e+01 9.209319534278051833e+01 8.015152825640460321e+01
1.113566508147351470e+02 9.392708199825663939e+01 8.078298474796240214e+01
9.106749074063903038e+01 8.955320717452299562e+01 9.977302131837102195e+01
9.190655224862378248e+01 9.258545567175221436e+01 9.834909275961756236e+01
1.048685730399260763e+02 9.180505675807938815e+01 9.453926373461453636e+01
9.943851626088448370e+01 8.889927095760782549e+01 8.091916709216610570e+01
1.145567512821973111e+02 9.240317496285068444e+01 9.047088813731549806e+01
1.026639688434195676e+02 9.029169787910498712e+01 8.122286750812577338e+01
1.191581982928621244e+02 9.337854085638781498e+01 9.352612988993826093e+01
8.680534778627274761e+01 8.991944764842816085e+01 8.946928252218437194e+01
1.022811330330696791e+02 8.618260392388805258e+01 1.090023583942401046e+02
7.967787438712778680e+01 9.111645331349053833e+01 8.830322421459021598e+01
8.194337097941914294e+01 9.171214025500549383e+01 1.006832874042438135e+02
8.212777608099668214e+01 8.943237085421850452e+01 9.529446069397096153e+01
1.001449402892402247e+02 8.715992185528338609e+01 8.335941192647190690e+01
9.347381930698398378e+01 8.470312596870196842e+01 8.405609879122550865e+01
1.000703026487114755e+02 8.761868256171631231e+01 1.039179087329239906e+02
1.037698112842725067e+02 8.500538850056031492e+01 1.030149715730858588e+02
8.735044557410945743e+01 8.604171373590321537e+01 9.080428722191855684e+01
9.989775972713279373e+01 8.371838659270268579e+01 8.937199041055113469e+01
9.820563163477456214e+01 8.364135958215739208e+01 8.778849497141982283e+01
1.100065341942680561e+02 9.296548868922039333e+01 1.047402694956671070e+02
1.097188542521822399e+02 8.630649813883717059e+01 9.542878674144263584e+01
1.076843355697057518e+02 8.570276977435071331e+01 9.466791174076909954e+01
9.464253133821453901e+01 8.528720879465426208e+01 1.041068021285991847e+02
9.476255100022666511e+01 8.434917362405137453e+01 1.022806843301522974e+02
1.170758144528750506e+02 9.270522875618419789e+01 8.414326833184584586e+01
1.057363211257784457e+02 8.521507674409761535e+01 9.397471875142363729e+01
8.971527675539255142e+01 8.502084762581162636e+01 9.123364781401252799e+01
1.038006089487747232e+02 8.615371484470252028e+01 1.073381102529649240e+02
9.991646939875738553e+01 8.396299487870072653e+01 8.623969004553467244e+01
1.051336339590333608e+02 8.624762971669696299e+01 1.057526039383234888e+02
9.641518837291849309e+01 9.048435147892369912e+01 8.057863888005661579e+01
1.003600138411833456e+02 8.588819944111784821e+01 1.077062410163798063e+02
1.084610549471111938e+02 9.357282507000158489e+01 1.019618994371701461e+02
1.069684722043781591e+02 9.156268056053013993e+01 1.019425877971129495e+02
1.047484631463205460e+02 9.333629833300624057e+01 1.008699869663393116e+02
1.010067997240885802e+02 9.171666306164809157e+01 1.001701756767339475e+02
8.339245710436642867e+01 8.901836335485825202e+01 8.852221837084806566e+01
9.640940752164067362e+01 8.403985722698340055e+01 9.223970637906876391e+01
9.272014391425503277e+01 8.607219704517679304e+01 1.049708764995773009e+02
8.705062220596954603e+01 8.990604181169400988e+01 1.070705124538974928e+02
8.410388955790001830e+01 8.757058870661876426e+01 9.180664171769353743e+01
1.079404319592177899e+02 8.533492342757124050e+01 1.013883811922942897e+02
1.065684402066505072e+02 8.767040896612246570e+01 1.008398570987910432e+02
1.080832165948502848e+02 8.836339259322240025e+01 1.018725431318046191e+02
1.080576956074000776e+02 8.815385154776834042e+01 9.805743878114442680e+01
1.013229510604033692e+02 9.294643235883300747e+01 8.204172296058139580e+01
9.647042424575008113e+01 8.619633243212672369e+01 1.077463637210371132e+02
9.147986492341455289e+01 9.220042914642607457e+01 1.042613834015811847e+02
9.341264270247060608e+01 9.097841727139103796e+01 1.020308480173162167e+02
9.260781389674428965e+01 8.817950809051555439e+01 1.029336101195468700e+02
8.881182980784238623e+01 8.864954234054451376e+01 1.019282368156239329e+02
9.796117096267357738e+01 8.999424132308328694e+01 1.026072154183118812e+02
9.396769174603689123e+01 8.794037773544604875e+01 9.821273826850294597e+01
9.340293719269357098e+01 9.139486809260768041e+01 9.952083357852713164e+01
1.050102204248306634e+02 8.710171125056605490e+01 9.650596952837112497e+01
9.226512594778625953e+01 8.611486536188392904e+01 9.984110562954525392e+01
9.854660580717863638e+01 8.515239863597236081e+01 1.042386916111886421e+02
